# Relative Source Time Function
# for the 2013 Mw 3.3 St. Gallen earthquake
# Király-Proag et al., GRL, 2019
# https://doi.org/10.1029/2019GL082911
#
# Station: SGT03
# Wave type: SE
# EGF: EGF2
#
# time(s) amp(N.m/s)
0.000000        0
0.002500        0
0.005000        0
0.007500        0
0.010000  2.94709e+13
0.012500  7.58947e+13
0.015000  1.14623e+14
0.017500  1.4608e+14
0.020000  1.71000e+14
0.022500  1.88753e+14
0.025000  1.98929e+14
0.027500  2.01477e+14
0.030000  1.96476e+14
0.032500  1.8405e+14
0.035000  1.64711e+14
0.037500  1.39156e+14
0.040000  1.08248e+14
0.042500  7.30375e+13
0.045000  3.46412e+13
0.047500        0
0.050000        0
0.052500        0
0.055000        0
0.057500        0
0.060000        0
0.062500        0
0.065000        0
0.067500        0
0.070000        0
0.072500        0
0.075000        0
0.077500        0
0.080000  5.48029e+13
0.082500  1.38218e+14
0.085000  2.27182e+14
0.087500  3.20227e+14
0.090000  4.15681e+14
0.092500  5.117e+14
0.095000  6.06329e+14
0.097500  6.97553e+14
0.100000  7.83359e+14
0.102500  8.61814e+14
0.105000  9.31114e+14
0.107500  9.89665e+14
0.110000  1.03614e+15
0.112500  1.06954e+15
0.115000  1.0892e+15
0.117500  1.09491e+15
0.120000  1.08681e+15
0.122500  1.06543e+15
0.125000  1.03176e+15
0.127500  9.87072e+14
0.130000  9.32975e+14
0.132500  8.71334e+14
0.135000  8.04139e+14
0.137500  7.33522e+14
0.140000  6.61612e+14
0.142500  5.90492e+14
0.145000  5.22122e+14
0.147500  4.58256e+14
0.150000  4.00427e+14
0.152500  3.49865e+14
0.155000  3.07488e+14
0.157500  2.73911e+14
0.160000  2.49373e+14
0.162500  2.33811e+14
0.165000  2.26865e+14
0.167500  2.27891e+14
0.170000  2.36014e+14
0.172500  2.5016e+14
0.175000  2.69113e+14
0.177500  2.91556e+14
0.180000  3.16123e+14
0.182500  3.41448e+14
0.185000  3.66203e+14
0.187500  3.89141e+14
0.190000  4.09131e+14
0.192500  4.25176e+14
0.195000  4.36444e+14
0.197500  4.42284e+14
0.200000  4.42203e+14
0.202500  4.4686e+14
0.205000  4.46956e+14
0.207500  4.4013e+14
0.210000  4.26512e+14
0.212500  4.06339e+14
0.215000  3.83305e+14
0.217500  3.55272e+14
0.220000  3.21842e+14
0.222500  2.83495e+14
0.225000  2.40704e+14
0.227500  1.9394e+14
0.230000  1.43612e+14
0.232500  9.00699e+13
0.235000  3.36297e+13
0.237500  2.47604e+12
0.240000  4.06203e+12
0.242500  5.07605e+12
0.245000  5.2127e+12
0.247500  4.24464e+12
0.250000  2.12187e+12
0.252500        0
0.255000        0
0.257500        0
0.260000        0
0.262500        0
0.265000        0
0.267500        0
0.270000        0
0.272500        0
0.275000        0
0.277500        0
0.280000        0
0.282500        0
0.285000        0
0.287500        0
0.290000        0
0.292500        0
0.295000        0
0.297500        0
0.300000        0
0.302500        0
0.305000        0
0.307500        0
0.310000        0
0.312500        0
0.315000        0
0.317500        0
0.320000        0
0.322500        0
0.325000        0
0.327500        0
0.330000        0
0.332500        0
0.335000        0
0.337500        0
0.340000        0
0.342500        0
0.345000        0
0.347500        0
0.350000        0
0.352500        0
0.355000        0
0.357500        0
0.360000        0
0.362500        0
0.365000        0
0.367500        0
0.370000        0
0.372500        0
0.375000        0
0.377500        0
0.380000        0
0.382500        0
0.385000        0
0.387500        0
0.390000        0
0.392500        0
0.395000        0
0.397500        0
0.400000        0
0.402500        0
0.405000        0
0.407500        0
0.410000        0
0.412500        0
0.415000        0
0.417500        0
0.420000        0
0.422500        0
0.425000        0
0.427500        0
0.430000        0
0.432500        0
0.435000        0
0.437500        0
0.440000        0
0.442500        0
0.445000        0
0.447500        0
0.450000        0
0.452500        0
0.455000        0
0.457500        0
0.460000        0
0.462500        0
0.465000        0
0.467500        0
0.470000        0
0.472500        0
0.475000        0
0.477500        0
0.480000        0
0.482500        0
0.485000        0
0.487500        0
0.490000        0
0.492500        0
0.495000        0
0.497500        0
0.500000        0
0.502500        0
0.505000        0
0.507500        0
0.510000        0
0.512500        0
0.515000        0
0.517500        0
0.520000        0
0.522500        0
0.525000        0
0.527500        0
0.530000        0
0.532500        0
0.535000        0
0.537500        0
0.540000        0
0.542500        0
0.545000        0
0.547500        0
0.550000        0
0.552500        0
0.555000        0
0.557500        0
0.560000        0
0.562500        0
0.565000        0
0.567500        0
0.570000        0
0.572500        0
0.575000        0
0.577500        0
0.580000        0
0.582500        0
0.585000        0
0.587500        0
0.590000        0
0.592500        0
0.595000        0
0.597500        0
0.600000        0
0.602500        0
0.605000        0
0.607500        0
0.610000        0
0.612500        0
0.615000        0
0.617500        0
0.620000        0
0.622500        0
0.625000        0
0.627500        0
0.630000        0
0.632500        0
0.635000        0
0.637500        0
0.640000        0
0.642500        0
0.645000        0
0.647500        0
0.650000        0
0.652500        0
0.655000        0
0.657500        0
0.660000        0
0.662500        0
0.665000        0
0.667500        0
0.670000        0
0.672500        0
0.675000        0
0.677500        0
0.680000        0
0.682500        0
0.685000        0
0.687500        0
0.690000        0
0.692500        0
0.695000        0
0.697500        0
0.700000        0
0.702500        0
0.705000        0
0.707500        0
0.710000        0
0.712500        0
0.715000        0
0.717500        0
0.720000        0
0.722500        0
0.725000        0
0.727500        0
0.730000        0
0.732500        0
0.735000        0
0.737500        0
0.740000        0
0.742500        0
0.745000        0
0.747500        0
0.750000        0
0.752500        0
0.755000        0
0.757500        0
0.760000        0
0.762500        0
0.765000        0
0.767500        0
0.770000        0
0.772500        0
0.775000        0
0.777500        0
0.780000        0
0.782500        0
0.785000        0
0.787500        0
0.790000        0
0.792500        0
0.795000        0
0.797500        0
0.800000        0
0.802500        0
0.805000        0
0.807500        0
0.810000        0
0.812500        0
0.815000        0
0.817500        0
0.820000        0
0.822500        0
0.825000        0
0.827500        0
0.830000        0
0.832500        0
0.835000        0
0.837500        0
0.840000        0
0.842500        0
0.845000        0
0.847500        0
0.850000        0
0.852500        0
0.855000        0
0.857500        0
0.860000        0
0.862500        0
0.865000        0
0.867500        0
0.870000        0
0.872500        0
0.875000        0
0.877500        0
0.880000        0
0.882500        0
0.885000        0
0.887500        0
0.890000        0
0.892500        0
0.895000        0
0.897500        0
0.900000        0
0.902500        0
0.905000        0
0.907500        0
