# Relative Source Time Function
# for the 2013 Mw 3.3 St. Gallen earthquake
# Király-Proag et al., GRL, 2019
# 
# Station: SGT03
# Wave type: SE
# EGF: EGF1
# 
# time(s) amp(N.m/s)
0.000000        0
0.002500  1.43906e+13
0.005000  4.00135e+13
0.007500  5.91404e+13
0.010000  6.63276e+13
0.012500  6.41535e+13
0.015000  5.8117e+13
0.017500  5.6636e+13
0.020000  5.9591e+13
0.022500  6.55717e+13
0.025000  7.32715e+13
0.027500  8.14987e+13
0.030000  8.92027e+13
0.032500  9.55042e+13
0.035000  9.97051e+13
0.037500  1.01279e+14
0.040000  9.99793e+13
0.042500  9.5644e+13
0.045000  8.82044e+13
0.047500  7.78477e+13
0.050000  6.48339e+13
0.052500  5.13592e+13
0.055000  4.25818e+13
0.057500  3.28752e+13
0.060000  2.32217e+13
0.062500  1.45827e+13
0.065000  7.68351e+12
0.067500  2.67115e+12
0.070000  7.37925e+10
0.072500        0
0.075000  4.41638e+12
0.077500  4.01588e+13
0.080000  9.2445e+13
0.082500  1.49861e+14
0.085000  2.12174e+14
0.087500  2.78934e+14
0.090000  3.49483e+14
0.092500  4.22947e+14
0.095000  4.98241e+14
0.097500  5.74092e+14
0.100000  6.49065e+14
0.102500  7.21613e+14
0.105000  7.90109e+14
0.107500  8.52931e+14
0.110000  9.085e+14
0.112500  9.55341e+14
0.115000  9.92189e+14
0.117500  1.01803e+15
0.120000  1.03211e+15
0.122500  1.03405e+15
0.125000  1.02382e+15
0.127500  1.00173e+15
0.130000  9.68542e+14
0.132500  9.25348e+14
0.135000  8.73517e+14
0.137500  8.14719e+14
0.140000  7.50809e+14
0.142500  6.83787e+14
0.145000  6.15691e+14
0.147500  5.48534e+14
0.150000  4.84244e+14
0.152500  4.24549e+14
0.155000  3.7097e+14
0.157500  3.24738e+14
0.160000  2.86755e+14
0.162500  2.5761e+14
0.165000  2.37519e+14
0.167500  2.26376e+14
0.170000  2.23763e+14
0.172500  2.28969e+14
0.175000  2.41054e+14
0.177500  2.58878e+14
0.180000  2.81159e+14
0.182500  3.0653e+14
0.185000  3.33588e+14
0.187500  3.60941e+14
0.190000  3.87255e+14
0.192500  4.11292e+14
0.195000  4.31928e+14
0.197500  4.48192e+14
0.200000  4.59281e+14
0.202500  4.64576e+14
0.205000  4.64713e+14
0.207500  4.68616e+14
0.210000  4.65385e+14
0.212500  4.55032e+14
0.215000  4.37733e+14
0.217500  4.14175e+14
0.220000  3.88002e+14
0.222500  3.56112e+14
0.225000  3.19147e+14
0.227500  2.7783e+14
0.230000  2.32929e+14
0.232500  1.85287e+14
0.235000  1.35765e+14
0.237500  8.52169e+13
0.240000  3.45506e+13
0.242500        0
0.245000        0
0.247500        0
0.250000        0
0.252500        0
0.255000  3.23464e+10
0.257500  3.5371e+11
0.260000  9.35562e+11
0.262500  1.6991e+12
0.265000  2.5782e+12
0.267500  3.51042e+12
0.270000  4.43286e+12
0.272500  5.27918e+12
0.275000  5.98672e+12
0.277500  6.56642e+12
0.280000  6.93674e+12
0.282500  7.06496e+12
0.285000  1.08446e+13
0.287500  2.62662e+13
0.290000  2.97701e+13
0.292500  2.08717e+13
0.295000  7.06765e+12
0.297500        0
0.300000        0
0.302500        0
0.305000        0
0.307500        0
0.310000        0
0.312500        0
0.315000        0
0.317500        0
0.320000        0
0.322500        0
0.325000        0
0.327500        0
0.330000        0
0.332500        0
0.335000        0
0.337500        0
0.340000        0
0.342500        0
0.345000        0
0.347500        0
0.350000        0
0.352500        0
0.355000        0
0.357500        0
0.360000        0
0.362500        0
0.365000        0
0.367500        0
0.370000        0
0.372500        0
0.375000        0
0.377500        0
0.380000        0
0.382500        0
0.385000        0
0.387500        0
0.390000        0
0.392500        0
0.395000        0
0.397500        0
0.400000        0
0.402500        0
0.405000        0
0.407500        0
0.410000        0
0.412500        0
0.415000        0
0.417500        0
0.420000        0
0.422500        0
0.425000        0
0.427500        0
0.430000        0
0.432500        0
0.435000        0
0.437500        0
0.440000        0
0.442500        0
0.445000        0
0.447500        0
0.450000        0
0.452500        0
0.455000        0
0.457500        0
0.460000        0
0.462500        0
0.465000        0
0.467500        0
0.470000        0
0.472500        0
0.475000        0
0.477500        0
0.480000        0
0.482500        0
0.485000        0
0.487500        0
0.490000        0
0.492500        0
0.495000        0
0.497500        0
0.500000        0
0.502500        0
0.505000        0
0.507500        0
0.510000        0
0.512500        0
0.515000        0
0.517500        0
0.520000        0
0.522500        0
0.525000        0
0.527500        0
0.530000        0
0.532500        0
0.535000        0
0.537500        0
0.540000        0
0.542500        0
0.545000        0
0.547500        0
0.550000        0
0.552500        0
0.555000        0
0.557500        0
0.560000        0
0.562500        0
0.565000        0
0.567500        0
0.570000        0
0.572500        0
0.575000        0
0.577500        0
0.580000        0
0.582500        0
0.585000        0
0.587500        0
0.590000        0
0.592500        0
0.595000        0
0.597500        0
0.600000        0
0.602500        0
0.605000        0
0.607500        0
0.610000        0
0.612500        0
0.615000        0
0.617500        0
0.620000        0
0.622500        0
0.625000        0
0.627500        0
0.630000        0
0.632500        0
0.635000        0
0.637500        0
0.640000        0
0.642500        0
0.645000        0
0.647500        0
0.650000        0
0.652500        0
0.655000        0
0.657500        0
0.660000        0
0.662500        0
0.665000        0
0.667500        0
0.670000        0
0.672500        0
0.675000        0
0.677500        0
0.680000        0
0.682500        0
0.685000        0
0.687500        0
0.690000        0
0.692500        0
0.695000        0
0.697500        0
0.700000        0
0.702500        0
0.705000        0
0.707500        0
0.710000        0
0.712500        0
0.715000        0
0.717500        0
0.720000        0
0.722500        0
0.725000        0
0.727500        0
0.730000        0
0.732500        0
0.735000        0
0.737500        0
0.740000        0
0.742500        0
0.745000        0
0.747500        0
0.750000        0
0.752500        0
0.755000        0
0.757500        0
0.760000        0
0.762500        0
0.765000        0
0.767500        0
0.770000        0
0.772500        0
0.775000        0
0.777500        0
0.780000        0
0.782500        0
0.785000        0
0.787500        0
0.790000        0
0.792500        0
0.795000        0
0.797500        0
0.800000        0
0.802500        0
0.805000        0
0.807500        0
0.810000        0
0.812500        0
0.815000        0
0.817500        0
0.820000        0
0.822500        0
0.825000        0
0.827500        0
0.830000        0
0.832500        0
0.835000        0
0.837500        0
0.840000        0
0.842500        0
0.845000        0
0.847500        0
0.850000        0
0.852500        0
0.855000        0
0.857500        0
0.860000        0
0.862500        0
0.865000        0
0.867500        0
0.870000        0
0.872500        0
0.875000        0
0.877500        0
0.880000        0
0.882500        0
0.885000        0
0.887500        0
0.890000        0
0.892500        0
0.895000        0
0.897500        0
0.900000        0
0.902500        0
0.905000        0
0.907500        0
