# Relative Source Time Function
# for the 2013 Mw 3.3 St. Gallen earthquake
# Király-Proag et al., GRL, 2019
# https://doi.org/10.1029/2019GL082911
#
# Station: SGT00
# Wave type: SE
# EGF: EGF2
#
# time(s) amp(N.m/s)
0.000000        0
0.002500  1.7381e+12
0.005000  1.54135e+12
0.007500  9.84325e+12
0.010000  4.23785e+13
0.012500  9.25045e+13
0.015000  1.31129e+14
0.017500  1.50531e+14
0.020000  1.48064e+14
0.022500  1.42785e+14
0.025000  1.18264e+14
0.027500  8.50924e+13
0.030000  5.50361e+13
0.032500  4.06806e+13
0.035000  5.10327e+13
0.037500  8.8651e+13
0.040000  1.3906e+14
0.042500  1.92855e+14
0.045000  2.3649e+14
0.047500  2.67639e+14
0.050000  2.87376e+14
0.052500  2.9074e+14
0.055000  2.76872e+14
0.057500  2.49967e+14
0.060000  2.1511e+14
0.062500  1.76463e+14
0.065000  1.40467e+14
0.067500  1.1274e+14
0.070000  9.58866e+13
0.072500  9.07191e+13
0.075000  9.8964e+13
0.077500  1.23172e+14
0.080000  1.59613e+14
0.082500  2.10813e+14
0.085000  3.39704e+14
0.087500  4.80511e+14
0.090000  6.14217e+14
0.092500  7.30991e+14
0.095000  8.26693e+14
0.097500  8.97253e+14
0.100000  9.40606e+14
0.102500  9.57716e+14
0.105000  9.51052e+14
0.107500  9.26524e+14
0.110000  8.90821e+14
0.112500  8.44704e+14
0.115000  7.99343e+14
0.117500  7.58548e+14
0.120000  7.2408e+14
0.122500  6.96158e+14
0.125000  6.67727e+14
0.127500  6.51585e+14
0.130000  6.40278e+14
0.132500  6.25947e+14
0.135000  6.09336e+14
0.137500  5.87062e+14
0.140000  5.61958e+14
0.142500  5.47293e+14
0.145000  5.23806e+14
0.147500  4.96406e+14
0.150000  4.67968e+14
0.152500  4.34474e+14
0.155000  3.99359e+14
0.157500  3.63122e+14
0.160000  3.29762e+14
0.162500  3.00676e+14
0.165000  2.78132e+14
0.167500  2.59676e+14
0.170000  2.43686e+14
0.172500  2.30866e+14
0.175000  2.21551e+14
0.177500  2.19443e+14
0.180000  2.22946e+14
0.182500  2.38798e+14
0.185000  2.73027e+14
0.187500  3.04726e+14
0.190000  3.3659e+14
0.192500  3.68286e+14
0.195000  3.91828e+14
0.197500  4.01356e+14
0.200000  3.93812e+14
0.202500  3.66668e+14
0.205000  3.23886e+14
0.207500  2.66216e+14
0.210000  2.04458e+14
0.212500  1.4861e+14
0.215000  1.07896e+14
0.217500  8.83464e+13
0.220000  1.0189e+14
0.222500  1.38757e+14
0.225000  1.83088e+14
0.227500  2.59984e+14
0.230000  3.43577e+14
0.232500  4.05112e+14
0.235000  4.32146e+14
0.237500  4.04104e+14
0.240000  3.11354e+14
0.242500  1.39287e+14
0.245000        0
0.247500        0
0.250000        0
0.252500        0
0.255000        0
0.257500        0
0.260000        0
0.262500        0
0.265000        0
0.267500        0
0.270000        0
0.272500        0
0.275000        0
0.277500        0
0.280000        0
0.282500        0
0.285000        0
0.287500        0
0.290000        0
0.292500        0
0.295000        0
0.297500        0
0.300000        0
0.302500        0
0.305000        0
0.307500        0
0.310000        0
0.312500        0
0.315000        0
0.317500        0
0.320000        0
0.322500        0
0.325000        0
0.327500        0
0.330000        0
0.332500        0
0.335000        0
0.337500        0
0.340000        0
0.342500        0
0.345000        0
0.347500        0
0.350000        0
0.352500        0
0.355000        0
0.357500        0
0.360000        0
