# Relative Source Time Function
# for the 2013 Mw 3.3 St. Gallen earthquake
# Király-Proag et al., GRL, 2019
# 
# Station: SGT06
# Wave type: SE
# EGF: EGF1
# 
# time(s) amp(N.m/s)
0.000000        0
0.002500  1.23496e+14
0.005000  1.8434e+14
0.007500        0
0.010000        0
0.012500        0
0.015000        0
0.017500        0
0.020000        0
0.022500        0
0.025000        0
0.027500        0
0.030000        0
0.032500  1.5519e+14
0.035000  4.44158e+14
0.037500  7.05248e+14
0.040000  9.33273e+14
0.042500  1.12609e+15
0.045000  1.28354e+15
0.047500  1.40655e+15
0.050000  1.49685e+15
0.052500  1.55773e+15
0.055000  1.59167e+15
0.057500  1.60409e+15
0.060000  1.59818e+15
0.062500  1.5752e+15
0.065000  1.54112e+15
0.067500  1.4979e+15
0.070000  1.44697e+15
0.072500  1.38972e+15
0.075000  1.32542e+15
0.077500  1.25292e+15
0.080000  1.16988e+15
0.082500  1.07364e+15
0.085000  9.6089e+14
0.087500  8.29376e+14
0.090000  6.76716e+14
0.092500  5.03908e+14
0.095000  3.14120e+14
0.097500  1.94085e+14
0.100000  1.28817e+14
0.102500  5.1407e+13
0.105000        0
0.107500        0
0.110000        0
0.112500        0
0.115000        0
0.117500        0
0.120000        0
0.122500        0
0.125000        0
0.127500        0
0.130000  2.99845e+13
0.132500  1.45771e+14
0.135000  2.53883e+14
0.137500  3.38488e+14
0.140000  3.88902e+14
0.142500  3.95064e+14
0.145000  3.49619e+14
0.147500  2.52119e+14
0.150000  9.86847e+13
0.152500        0
0.155000        0
0.157500        0
0.160000        0
0.162500        0
0.165000        0
0.167500        0
0.170000        0
0.172500        0
0.175000        0
0.177500        0
0.180000        0
0.182500        0
0.185000        0
0.187500        0
0.190000        0
0.192500        0
0.195000        0
0.197500        0
0.200000        0
0.202500        0
0.205000        0
0.207500        0
0.210000        0
0.212500        0
0.215000        0
0.217500        0
0.220000        0
0.222500        0
0.225000  2.12799e+14
0.227500  3.71426e+14
0.230000  4.07236e+14
0.232500  3.00181e+14
0.235000  3.33647e+13
0.237500        0
0.240000        0
0.242500        0
0.245000        0
0.247500        0
0.250000        0
0.252500        0
0.255000        0
0.257500        0
0.260000        0
0.262500        0
0.265000        0
0.267500        0
0.270000        0
0.272500        0
0.275000        0
0.277500        0
0.280000        0
0.282500        0
0.285000        0
0.287500        0
0.290000        0
0.292500        0
0.295000        0
0.297500        0
0.300000        0
0.302500        0
0.305000        0
0.307500        0
0.310000        0
0.312500        0
0.315000        0
0.317500        0
0.320000        0
0.322500        0
0.325000        0
0.327500        0
0.330000        0
0.332500        0
0.335000        0
0.337500        0
0.340000        0
0.342500        0
0.345000        0
0.347500        0
0.350000        0
0.352500        0
0.355000        0
0.357500        0
0.360000        0
0.362500        0
0.365000        0
0.367500        0
0.370000        0
0.372500        0
0.375000        0
0.377500        0
0.380000        0
0.382500        0
0.385000        0
0.387500        0
0.390000        0
0.392500        0
0.395000        0
0.397500        0
0.400000        0
0.402500        0
0.405000        0
0.407500        0
0.410000        0
0.412500        0
0.415000        0
0.417500        0
0.420000        0
0.422500        0
0.425000        0
0.427500        0
0.430000        0
0.432500        0
0.435000        0
0.437500        0
0.440000        0
0.442500        0
0.445000        0
0.447500        0
0.450000        0
0.452500        0
0.455000        0
0.457500        0
0.460000        0
0.462500        0
0.465000        0
0.467500        0
0.470000        0
0.472500        0
0.475000        0
0.477500        0
0.480000        0
0.482500        0
0.485000        0
0.487500        0
0.490000        0
0.492500        0
0.495000        0
0.497500        0
0.500000        0
