# Relative Source Time Function
# for the 2013 Mw 3.3 St. Gallen earthquake
# Király-Proag et al., GRL, 2019
# 
# Station: SGT00
# Wave type: SE
# EGF: EGF1
# 
# time(s) amp(N.m/s)
0.000000        0
0.002500        0
0.005000        0
0.007500        0
0.010000        0
0.012500        0
0.015000        0
0.017500  4.68972e+13
0.020000  1.2078e+14
0.022500  1.5936e+14
0.025000  1.86665e+14
0.027500  1.88725e+14
0.030000  1.70588e+14
0.032500  1.48498e+14
0.035000  1.35069e+14
0.037500  1.39997e+14
0.040000  1.5235e+14
0.042500  1.64093e+14
0.045000  1.69844e+14
0.047500  1.6861e+14
0.050000  1.60829e+14
0.052500  1.50967e+14
0.055000  1.44982e+14
0.057500  1.44384e+14
0.060000  1.53891e+14
0.062500  1.67439e+14
0.065000  1.8505e+14
0.067500  2.04917e+14
0.070000  2.17652e+14
0.072500  2.21744e+14
0.075000  2.16227e+14
0.077500  2.01086e+14
0.080000  1.83377e+14
0.082500  2.36238e+14
0.085000  3.35697e+14
0.087500  4.49801e+14
0.090000  5.77687e+14
0.092500  7.14552e+14
0.095000  8.53654e+14
0.097500  9.87117e+14
0.100000  1.10427e+15
0.102500  1.19522e+15
0.105000  1.2538e+15
0.107500  1.27796e+15
0.110000  1.26806e+15
0.112500  1.22075e+15
0.115000  1.15001e+15
0.117500  1.06044e+15
0.120000  9.55041e+14
0.122500  8.52385e+14
0.125000  7.53268e+14
0.127500  6.64286e+14
0.130000  5.88875e+14
0.132500  5.25959e+14
0.135000  4.76684e+14
0.137500  4.3875e+14
0.140000  4.10098e+14
0.142500  4.1993e+14
0.145000  4.28329e+14
0.147500  4.40726e+14
0.150000  4.40089e+14
0.152500  4.26508e+14
0.155000  4.00842e+14
0.157500  3.63846e+14
0.160000  3.2375e+14
0.162500  2.79118e+14
0.165000  2.33444e+14
0.167500  1.96763e+14
0.170000  1.70649e+14
0.172500  1.56916e+14
0.175000  1.46566e+14
0.177500  1.48164e+14
0.180000  1.69991e+14
0.182500  1.80112e+14
0.185000  1.87722e+14
0.187500  2.00222e+14
0.190000  2.10699e+14
0.192500  2.2081e+14
0.195000  2.27343e+14
0.197500  2.29223e+14
0.200000  2.25782e+14
0.202500  2.17617e+14
0.205000  2.04669e+14
0.207500  1.87871e+14
0.210000  1.70994e+14
0.212500  1.53903e+14
0.215000  1.42806e+14
0.217500  1.37741e+14
0.220000  1.45957e+14
0.222500  1.55208e+14
0.225000  1.51652e+14
0.227500  1.72042e+14
0.230000  1.96314e+14
0.232500  2.0748e+14
0.235000  2.08321e+14
0.237500  1.95854e+14
0.240000  1.78005e+14
0.242500  1.50524e+14
0.245000  1.16279e+14
0.247500  8.51559e+13
0.250000  5.47458e+13
0.252500  3.73231e+13
0.255000  5.47163e+13
0.257500  8.10223e+13
0.260000  9.54066e+13
0.262500  9.21366e+13
0.265000  4.40828e+13
0.267500        0
0.270000        0
0.272500        0
0.275000        0
0.277500        0
0.280000        0
0.282500        0
0.285000        0
0.287500        0
0.290000        0
0.292500        0
0.295000        0
0.297500        0
0.300000        0
0.302500        0
0.305000        0
0.307500        0
0.310000        0
0.312500        0
0.315000        0
0.317500        0
0.320000        0
0.322500        0
0.325000        0
0.327500        0
0.330000        0
0.332500        0
0.335000        0
0.337500        0
0.340000        0
0.342500        0
0.345000        0
0.347500        0
0.350000        0
0.352500        0
0.355000        0
0.357500        0
0.360000        0
