# Relative Source Time Function
# for the 2013 Mw 3.3 St. Gallen earthquake
# Király-Proag et al., GRL, 2019
# 
# Station: SGT06
# Wave type: P
# EGF: EGF1
# 
# time(s) amp(N.m/s)
0.000000        0
0.002500  9.89666e+12
0.005000  8.60086e+13
0.007500  2.09789e+14
0.010000  2.74058e+14
0.012500  2.08214e+14
0.015000  1.61871e+14
0.017500  1.26467e+14
0.020000  8.39241e+13
0.022500  4.98583e+13
0.025000  2.91773e+13
0.027500  2.02527e+13
0.030000  2.93919e+13
0.032500  4.64484e+13
0.035000  7.93494e+13
0.037500  1.31205e+14
0.040000  2.05091e+14
0.042500  3.32659e+14
0.045000  4.66702e+14
0.047500  5.76402e+14
0.050000  6.70394e+14
0.052500  7.98142e+14
0.055000  9.64501e+14
0.057500  1.116e+15
0.060000  1.26346e+15
0.062500  1.39692e+15
0.065000  1.51476e+15
0.067500  1.62119e+15
0.070000  1.70264e+15
0.072500  1.72224e+15
0.075000  1.69069e+15
0.077500  1.59058e+15
0.080000  1.41143e+15
0.082500  1.17544e+15
0.085000  8.87514e+14
0.087500  6.20813e+14
0.090000  4.40174e+14
0.092500  2.94906e+14
0.095000  1.86633e+14
0.097500  1.43478e+14
0.100000  1.39166e+14
0.102500  1.76728e+14
0.105000  2.36508e+14
0.107500  2.88013e+14
0.110000  3.32607e+14
0.112500  3.5504e+14
0.115000  3.45899e+14
0.117500  3.08353e+14
0.120000  2.77159e+14
0.122500  2.64865e+14
0.125000  2.26576e+14
0.127500  1.70066e+14
0.130000  1.14283e+14
0.132500  9.01551e+13
0.135000  1.30733e+14
0.137500  1.8598e+14
0.140000  2.42076e+14
0.142500  2.89935e+14
0.145000  3.15934e+14
0.147500  3.16411e+14
0.150000  2.87172e+14
0.152500  2.46301e+14
0.155000  2.07821e+14
0.157500  1.7229e+14
0.160000  1.45407e+14
0.162500  1.3684e+14
0.165000  1.40548e+14
0.167500  1.74862e+14
0.170000  2.09683e+14
0.172500  2.33504e+14
0.175000  2.3823e+14
0.177500  2.31595e+14
0.180000  2.17794e+14
0.182500  1.66581e+14
0.185000  8.15455e+13
0.187500        0
0.190000        0
0.192500        0
0.195000        0
0.197500        0
0.200000  6.06914e+13
0.202500  2.6489e+14
0.205000  4.38707e+14
0.207500  5.0513e+14
0.210000  3.93541e+14
0.212500  2.17064e+13
0.215000        0
0.217500        0
0.220000        0
0.222500        0
0.225000        0
0.227500        0
0.230000        0
0.232500        0
0.235000        0
0.237500        0
0.240000        0
0.242500        0
0.245000        0
0.247500        0
0.250000        0
0.252500        0
0.255000        0
0.257500        0
0.260000        0
0.262500        0
0.265000        0
0.267500        0
0.270000        0
0.272500        0
0.275000        0
0.277500        0
0.280000        0
0.282500        0
0.285000        0
0.287500        0
0.290000        0
0.292500        0
0.295000        0
0.297500        0
0.300000        0
0.302500        0
0.305000        0
0.307500        0
0.310000        0
0.312500        0
0.315000        0
0.317500        0
0.320000        0
0.322500        0
0.325000        0
0.327500        0
0.330000        0
0.332500        0
0.335000        0
0.337500        0
0.340000        0
0.342500        0
0.345000        0
0.347500        0
0.350000        0
0.352500        0
0.355000        0
0.357500        0
0.360000        0
0.362500        0
0.365000        0
0.367500        0
0.370000        0
0.372500        0
0.375000        0
0.377500        0
0.380000        0
0.382500        0
0.385000        0
0.387500        0
0.390000        0
0.392500        0
0.395000        0
0.397500        0
0.400000        0
0.402500        0
0.405000        0
0.407500        0
0.410000        0
0.412500        0
0.415000        0
0.417500        0
0.420000        0
0.422500        0
0.425000        0
0.427500        0
0.430000        0
0.432500        0
0.435000        0
0.437500        0
0.440000        0
0.442500        0
0.445000        0
0.447500        0
0.450000        0
0.452500        0
0.455000        0
0.457500        0
0.460000        0
0.462500        0
0.465000        0
0.467500        0
0.470000        0
0.472500        0
0.475000        0
0.477500        0
0.480000        0
0.482500        0
0.485000        0
0.487500        0
0.490000        0
0.492500        0
0.495000        0
0.497500        0
0.500000        0
