# Relative Source Time Function
# for the 2013 Mw 3.3 St. Gallen earthquake
# Király-Proag et al., GRL, 2019
# 
# Station: SGT05
# Wave type: SE
# EGF: EGF1
# 
# time(s) amp(N.m/s)
0.000000        0
0.002500  5.70219e+13
0.005000  8.7627e+13
0.007500  1.72279e+13
0.010000        0
0.012500        0
0.015000        0
0.017500  2.86027e+12
0.020000  1.23113e+14
0.022500  2.4273e+14
0.025000  3.42925e+14
0.027500  4.1096e+14
0.030000  4.40654e+14
0.032500  4.32012e+14
0.035000  3.90443e+14
0.037500  3.25834e+14
0.040000  2.50594e+14
0.042500  1.78189e+14
0.045000  1.22128e+14
0.047500  9.37347e+13
0.050000  1.01216e+14
0.052500  1.49125e+14
0.055000  2.37997e+14
0.057500  3.64329e+14
0.060000  5.21104e+14
0.062500  6.98412e+14
0.065000  8.84804e+14
0.067500  1.06815e+15
0.070000  1.23557e+15
0.072500  1.37652e+15
0.075000  1.48253e+15
0.077500  1.54753e+15
0.080000  1.56876e+15
0.082500  1.54678e+15
0.085000  1.48515e+15
0.087500  1.39002e+15
0.090000  1.2703e+15
0.092500  1.13628e+15
0.095000  9.98415e+14
0.097500  8.67185e+14
0.100000  7.5336e+14
0.102500  6.64588e+14
0.105000  6.06227e+14
0.107500  5.81204e+14
0.110000  5.88708e+14
0.112500  6.24686e+14
0.115000  6.81476e+14
0.117500  7.48172e+14
0.120000  8.10781e+14
0.122500  8.52928e+14
0.125000  8.56525e+14
0.127500  8.02385e+14
0.130000  6.71486e+14
0.132500  4.4572e+14
0.135000  1.08916e+14
0.137500        0
0.140000        0
0.142500        0
0.145000        0
0.147500        0
0.150000        0
0.152500        0
0.155000        0
0.157500        0
0.160000        0
0.162500        0
0.165000        0
0.167500        0
0.170000        0
0.172500        0
0.175000        0
0.177500        0
0.180000        0
0.182500        0
0.185000        0
0.187500        0
0.190000        0
0.192500        0
0.195000        0
0.197500        0
0.200000        0
0.202500        0
0.205000        0
0.207500        0
0.210000        0
0.212500        0
0.215000        0
0.217500        0
0.220000        0
0.222500        0
0.225000        0
0.227500        0
0.230000        0
0.232500        0
0.235000        0
0.237500        0
0.240000        0
0.242500        0
0.245000        0
0.247500        0
0.250000        0
0.252500        0
0.255000        0
0.257500        0
0.260000        0
0.262500        0
0.265000        0
0.267500        0
0.270000        0
0.272500        0
0.275000        0
0.277500        0
0.280000        0
0.282500        0
0.285000        0
0.287500  8.59749e+13
0.290000  1.82478e+14
0.292500  1.50521e+14
0.295000  5.56356e+13
0.297500        0
0.300000        0
0.302500        0
0.305000        0
0.307500        0
0.310000        0
0.312500        0
0.315000        0
0.317500        0
0.320000        0
0.322500        0
0.325000        0
0.327500        0
0.330000        0
0.332500        0
0.335000        0
0.337500        0
0.340000        0
0.342500        0
0.345000        0
0.347500        0
0.350000        0
0.352500        0
0.355000        0
0.357500        0
0.360000        0
0.362500        0
0.365000        0
0.367500        0
0.370000        0
0.372500        0
0.375000        0
0.377500        0
0.380000        0
0.382500        0
0.385000        0
0.387500        0
0.390000        0
0.392500        0
0.395000        0
0.397500        0
0.400000        0
0.402500        0
0.405000        0
0.407500        0
0.410000        0
0.412500        0
0.415000        0
0.417500        0
0.420000        0
0.422500        0
0.425000        0
0.427500        0
0.430000        0
0.432500        0
0.435000        0
0.437500        0
0.440000        0
0.442500        0
0.445000        0
0.447500        0
0.450000        0
0.452500        0
0.455000        0
0.457500        0
0.460000        0
0.462500        0
0.465000        0
0.467500        0
0.470000        0
0.472500        0
0.475000        0
0.477500        0
0.480000        0
0.482500        0
0.485000        0
0.487500        0
0.490000        0
0.492500        0
0.495000        0
0.497500        0
0.500000        0
0.502500        0
0.505000        0
0.507500        0
0.510000        0
0.512500        0
0.515000        0
0.517500        0
0.520000        0
0.522500        0
0.525000        0
0.527500        0
0.530000        0
0.532500        0
0.535000        0
0.537500        0
0.540000        0
0.542500        0
0.545000        0
0.547500        0
0.550000        0
0.552500        0
0.555000        0
0.557500        0
0.560000        0
0.562500        0
0.565000        0
0.567500        0
0.570000        0
0.572500        0
0.575000        0
0.577500        0
0.580000        0
0.582500        0
0.585000        0
0.587500        0
0.590000        0
0.592500        0
0.595000        0
0.597500        0
0.600000        0
0.602500        0
0.605000        0
0.607500        0
0.610000        0
0.612500        0
0.615000        0
0.617500        0
0.620000        0
0.622500        0
0.625000        0
0.627500        0
0.630000        0
0.632500        0
0.635000        0
0.637500        0
0.640000        0
0.642500        0
0.645000        0
0.647500        0
0.650000        0
0.652500        0
0.655000        0
0.657500        0
0.660000        0
0.662500        0
0.665000        0
0.667500        0
0.670000        0
0.672500        0
0.675000        0
0.677500        0
0.680000        0
0.682500        0
0.685000        0
0.687500        0
0.690000        0
0.692500        0
0.695000        0
0.697500        0
0.700000        0
0.702500        0
0.705000        0
0.707500        0
0.710000        0
0.712500        0
0.715000        0
0.717500        0
0.720000        0
0.722500        0
0.725000        0
0.727500        0
0.730000        0
0.732500        0
0.735000        0
0.737500        0
0.740000        0
0.742500        0
0.745000        0
0.747500        0
0.750000        0
0.752500        0
0.755000        0
0.757500        0
0.760000        0
0.762500        0
0.765000        0
0.767500        0
0.770000        0
0.772500        0
0.775000        0
0.777500        0
0.780000        0
0.782500        0
0.785000        0
0.787500        0
0.790000        0
0.792500        0
0.795000        0
0.797500        0
0.800000        0
0.802500        0
0.805000        0
0.807500        0
0.810000        0
0.812500        0
0.815000        0
0.817500        0
0.820000        0
0.822500        0
0.825000        0
0.827500        0
0.830000        0
0.832500        0
0.835000        0
0.837500        0
0.840000        0
0.842500        0
