# Relative Source Time Function
# for the 2013 Mw 3.3 St. Gallen earthquake
# Király-Proag et al., GRL, 2019
# 
# Station: SGT03
# Wave type: SN
# EGF: EGF2
# 
# time(s) amp(N.m/s)
0.000000        0
0.002500  3.6492e+12
0.005000        0
0.007500        0
0.010000        0
0.012500        0
0.015000        0
0.017500        0
0.020000        0
0.022500        0
0.025000        0
0.027500        0
0.030000        0
0.032500        0
0.035000        0
0.037500        0
0.040000        0
0.042500  1.75077e+13
0.045000  7.50183e+13
0.047500  1.21605e+14
0.050000  1.55628e+14
0.052500  1.76661e+14
0.055000  1.84483e+14
0.057500  1.79923e+14
0.060000  1.64693e+14
0.062500  1.41776e+14
0.065000  1.13368e+14
0.067500  8.01579e+13
0.070000  4.70045e+13
0.072500  1.34908e+13
0.075000        0
0.077500        0
0.080000        0
0.082500        0
0.085000  1.21153e+13
0.087500  6.55727e+13
0.090000  1.31723e+14
0.092500  2.10035e+14
0.095000  2.99205e+14
0.097500  3.97282e+14
0.100000  5.0171e+14
0.102500  6.09429e+14
0.105000  7.17004e+14
0.107500  8.20779e+14
0.110000  9.17053e+14
0.112500  1.00227e+15
0.115000  1.0732e+15
0.117500  1.12717e+15
0.120000  1.16211e+15
0.122500  1.1768e+15
0.125000  1.17087e+15
0.127500  1.14479e+15
0.130000  1.10003e+15
0.132500  1.03872e+15
0.135000  9.63784e+14
0.137500  8.78637e+14
0.140000  7.87018e+14
0.142500  6.92894e+14
0.145000  6.00096e+14
0.147500  5.12255e+14
0.150000  4.32598e+14
0.152500  3.63797e+14
0.155000  3.07834e+14
0.157500  2.65983e+14
0.160000  2.38737e+14
0.162500  2.25842e+14
0.165000  2.26346e+14
0.167500  2.38654e+14
0.170000  2.60674e+14
0.172500  2.89904e+14
0.175000  3.23596e+14
0.177500  3.58927e+14
0.180000  3.9307e+14
0.182500  4.23467e+14
0.185000  4.47819e+14
0.187500  4.64271e+14
0.190000  4.71563e+14
0.192500  4.68957e+14
0.195000  4.56412e+14
0.197500  4.36585e+14
0.200000  4.21250e+14
0.202500  3.98637e+14
0.205000  3.70661e+14
0.207500  3.43446e+14
0.210000  3.16048e+14
0.212500  2.8985e+14
0.215000  2.66916e+14
0.217500  2.48944e+14
0.220000  2.37144e+14
0.222500  2.32091e+14
0.225000  2.33727e+14
0.227500  2.41223e+14
0.230000  2.5304e+14
0.232500  2.6705e+14
0.235000  2.80435e+14
0.237500  2.89973e+14
0.240000  2.92225e+14
0.242500  2.83776e+14
0.245000  2.63443e+14
0.247500  2.25912e+14
0.250000  1.68774e+14
0.252500  9.03148e+13
0.255000        0
0.257500        0
0.260000        0
0.262500        0
0.265000        0
0.267500        0
0.270000        0
0.272500        0
0.275000        0
0.277500        0
0.280000        0
0.282500        0
0.285000        0
0.287500        0
0.290000        0
0.292500        0
0.295000        0
0.297500        0
0.300000        0
0.302500        0
0.305000        0
0.307500        0
0.310000        0
0.312500        0
0.315000        0
0.317500        0
0.320000        0
0.322500        0
0.325000        0
0.327500        0
0.330000        0
0.332500        0
0.335000        0
0.337500        0
0.340000  4.6463e+12
0.342500  1.16718e+13
0.345000  6.2374e+12
0.347500        0
0.350000        0
0.352500        0
0.355000        0
0.357500        0
0.360000        0
0.362500        0
0.365000        0
0.367500        0
0.370000        0
0.372500        0
0.375000        0
0.377500        0
0.380000        0
0.382500        0
0.385000        0
0.387500        0
0.390000        0
0.392500        0
0.395000        0
0.397500        0
0.400000        0
0.402500        0
0.405000        0
0.407500        0
0.410000        0
0.412500        0
0.415000        0
0.417500        0
0.420000        0
0.422500        0
0.425000        0
0.427500        0
0.430000        0
0.432500        0
0.435000        0
0.437500        0
0.440000        0
0.442500        0
0.445000        0
0.447500        0
0.450000        0
0.452500        0
0.455000        0
0.457500        0
0.460000        0
0.462500        0
0.465000        0
0.467500        0
0.470000        0
0.472500        0
0.475000        0
0.477500        0
0.480000        0
0.482500        0
0.485000        0
0.487500        0
0.490000        0
0.492500        0
0.495000        0
0.497500        0
0.500000        0
0.502500        0
0.505000        0
0.507500        0
0.510000        0
0.512500        0
0.515000        0
0.517500        0
0.520000        0
0.522500        0
0.525000        0
0.527500        0
0.530000        0
0.532500        0
0.535000        0
0.537500        0
0.540000        0
0.542500        0
0.545000        0
0.547500        0
0.550000        0
0.552500        0
0.555000        0
0.557500        0
0.560000        0
0.562500        0
0.565000        0
0.567500        0
0.570000        0
0.572500        0
0.575000        0
0.577500        0
0.580000        0
0.582500        0
0.585000        0
0.587500        0
0.590000        0
0.592500        0
0.595000        0
0.597500        0
0.600000        0
0.602500        0
0.605000        0
0.607500        0
0.610000        0
0.612500        0
0.615000        0
0.617500        0
0.620000        0
0.622500        0
0.625000        0
0.627500        0
0.630000        0
0.632500        0
0.635000        0
0.637500        0
0.640000        0
0.642500        0
0.645000        0
0.647500        0
0.650000        0
0.652500        0
0.655000        0
0.657500        0
0.660000        0
0.662500        0
0.665000        0
0.667500        0
0.670000        0
0.672500        0
0.675000        0
0.677500        0
0.680000        0
0.682500        0
0.685000        0
0.687500        0
0.690000        0
0.692500        0
0.695000        0
0.697500        0
0.700000        0
0.702500        0
0.705000        0
0.707500        0
0.710000        0
0.712500        0
0.715000        0
0.717500        0
0.720000        0
0.722500        0
0.725000        0
0.727500        0
0.730000        0
0.732500        0
0.735000        0
0.737500        0
0.740000        0
0.742500        0
0.745000        0
0.747500        0
0.750000        0
0.752500        0
0.755000        0
0.757500        0
0.760000        0
0.762500        0
0.765000        0
0.767500        0
0.770000        0
0.772500        0
0.775000        0
0.777500        0
0.780000        0
0.782500        0
0.785000        0
0.787500        0
0.790000        0
0.792500        0
0.795000        0
0.797500        0
0.800000        0
0.802500        0
0.805000        0
0.807500        0
0.810000        0
0.812500        0
0.815000        0
0.817500        0
0.820000        0
0.822500        0
0.825000        0
0.827500        0
0.830000        0
0.832500        0
0.835000        0
0.837500        0
0.840000        0
0.842500        0
0.845000        0
0.847500        0
0.850000        0
0.852500        0
0.855000        0
0.857500        0
0.860000        0
0.862500        0
0.865000        0
0.867500        0
0.870000        0
0.872500        0
0.875000        0
0.877500        0
0.880000        0
0.882500        0
0.885000        0
0.887500        0
0.890000        0
0.892500        0
0.895000        0
0.897500        0
0.900000        0
0.902500        0
0.905000        0
0.907500        0
