# Relative Source Time Function
# for the 2013 Mw 3.3 St. Gallen earthquake
# Király-Proag et al., GRL, 2019
# 
# Station: SGT06
# Wave type: P
# EGF: EGF2
# 
# time(s) amp(N.m/s)
0.000000        0
0.002500  2.17265e+13
0.005000  9.86028e+13
0.007500  1.26788e+14
0.010000  1.78018e+14
0.012500  1.36238e+14
0.015000  3.52617e+13
0.017500        0
0.020000        0
0.022500        0
0.025000        0
0.027500        0
0.030000        0
0.032500        0
0.035000  6.90552e+13
0.037500  1.87536e+14
0.040000  3.3453e+14
0.042500  4.82624e+14
0.045000  5.94939e+14
0.047500  6.82528e+14
0.050000  7.49589e+14
0.052500  8.87192e+14
0.055000  1.01833e+15
0.057500  1.14479e+15
0.060000  1.27482e+15
0.062500  1.40724e+15
0.065000  1.52956e+15
0.067500  1.60888e+15
0.070000  1.65946e+15
0.072500  1.64503e+15
0.075000  1.56796e+15
0.077500  1.43781e+15
0.080000  1.24279e+15
0.082500  1.025e+15
0.085000  8.85838e+14
0.087500  7.60186e+14
0.090000  6.77034e+14
0.092500  6.34476e+14
0.095000  6.11296e+14
0.097500  6.2965e+14
0.100000  6.61198e+14
0.102500  6.80257e+14
0.105000  6.83794e+14
0.107500  6.64959e+14
0.110000  6.23544e+14
0.112500  5.81448e+14
0.115000  5.10537e+14
0.117500  4.08908e+14
0.120000  3.03224e+14
0.122500  2.14414e+14
0.125000  1.83911e+14
0.127500  1.88182e+14
0.130000  2.11564e+14
0.132500  2.41717e+14
0.135000  2.66069e+14
0.137500  2.63302e+14
0.140000  2.24387e+14
0.142500  1.60732e+14
0.145000  6.51630e+13
0.147500        0
0.150000        0
0.152500        0
0.155000        0
0.157500        0
0.160000        0
0.162500        0
0.165000        0
0.167500        0
0.170000        0
0.172500        0
0.175000        0
0.177500        0
0.180000        0
0.182500        0
0.185000        0
0.187500        0
0.190000        0
0.192500        0
0.195000        0
0.197500        0
0.200000  5.28085e+13
0.202500  1.20238e+14
0.205000  1.28315e+14
0.207500  7.97788e+13
0.210000        0
0.212500        0
0.215000        0
0.217500        0
0.220000        0
0.222500        0
0.225000        0
0.227500        0
0.230000        0
0.232500  1.02882e+14
0.235000  2.34155e+14
0.237500  2.82894e+14
0.240000  1.92844e+14
0.242500  4.39926e+13
0.245000        0
0.247500        0
0.250000        0
0.252500        0
0.255000        0
0.257500        0
0.260000        0
0.262500        0
0.265000        0
0.267500        0
0.270000        0
0.272500        0
0.275000        0
0.277500        0
0.280000        0
0.282500        0
0.285000        0
0.287500        0
0.290000        0
0.292500        0
0.295000        0
0.297500        0
0.300000        0
0.302500        0
0.305000        0
0.307500        0
0.310000        0
0.312500        0
0.315000        0
0.317500        0
0.320000        0
0.322500        0
0.325000        0
0.327500        0
0.330000        0
0.332500        0
0.335000        0
0.337500        0
0.340000        0
0.342500        0
0.345000        0
0.347500        0
0.350000        0
0.352500        0
0.355000        0
0.357500        0
0.360000        0
0.362500        0
0.365000        0
0.367500        0
0.370000        0
0.372500        0
0.375000        0
0.377500        0
0.380000        0
0.382500        0
0.385000        0
0.387500        0
0.390000        0
0.392500        0
0.395000        0
0.397500        0
0.400000        0
0.402500        0
0.405000        0
0.407500        0
0.410000        0
0.412500        0
0.415000        0
0.417500        0
0.420000        0
0.422500        0
0.425000        0
0.427500        0
0.430000        0
0.432500        0
0.435000        0
0.437500        0
0.440000        0
0.442500        0
0.445000        0
0.447500        0
0.450000        0
0.452500        0
0.455000        0
0.457500        0
0.460000        0
0.462500        0
0.465000        0
0.467500        0
0.470000        0
0.472500        0
0.475000        0
0.477500        0
0.480000        0
0.482500        0
0.485000        0
0.487500        0
0.490000        0
0.492500        0
0.495000        0
0.497500        0
0.500000        0
