# Relative Source Time Function
# for the 2013 Mw 3.3 St. Gallen earthquake
# Király-Proag et al., GRL, 2019
# https://doi.org/10.1029/2019GL082911
#
# Station: SGT00
# Wave type: SN
# EGF: EGF2
#
# time(s) amp(N.m/s)
0.000000        0
0.002500        0
0.005000  8.16621e+12
0.007500  4.70844e+13
0.010000  1.0112e+14
0.012500  1.46116e+14
0.015000  1.64292e+14
0.017500  1.51895e+14
0.020000  1.38511e+14
0.022500  1.30491e+14
0.025000  1.27733e+14
0.027500  1.33426e+14
0.030000  1.4729e+14
0.032500  1.65119e+14
0.035000  1.83608e+14
0.037500  1.9845e+14
0.040000  2.02757e+14
0.042500  1.93006e+14
0.045000  2.08513e+14
0.047500  2.25268e+14
0.050000  2.31393e+14
0.052500  2.27318e+14
0.055000  2.15767e+14
0.057500  1.98909e+14
0.060000  1.81004e+14
0.062500  1.65811e+14
0.065000  1.5514e+14
0.067500  1.51747e+14
0.070000  1.57661e+14
0.072500  1.75706e+14
0.075000  2.05938e+14
0.077500  2.47086e+14
0.080000  2.94113e+14
0.082500  3.4421e+14
0.085000  3.97299e+14
0.087500  4.58118e+14
0.090000  5.53518e+14
0.092500  6.6642e+14
0.095000  7.65574e+14
0.097500  8.49021e+14
0.100000  9.14452e+14
0.102500  9.61353e+14
0.105000  9.9048e+14
0.107500  1.00293e+15
0.110000  9.99404e+14
0.112500  9.80721e+14
0.115000  9.50127e+14
0.117500  9.05693e+14
0.120000  8.49055e+14
0.122500  7.81143e+14
0.125000  7.00902e+14
0.127500  6.10274e+14
0.130000  5.103e+14
0.132500  4.40749e+14
0.135000  4.0016e+14
0.137500  3.65944e+14
0.140000  3.35983e+14
0.142500  3.07285e+14
0.145000  2.81996e+14
0.147500  2.68753e+14
0.150000  2.61915e+14
0.152500  2.62136e+14
0.155000  2.67434e+14
0.157500  2.73553e+14
0.160000  2.79133e+14
0.162500  2.8078e+14
0.165000  2.77381e+14
0.167500  2.68306e+14
0.170000  2.53754e+14
0.172500  2.35322e+14
0.175000  2.15081e+14
0.177500  1.96485e+14
0.180000  2.07102e+14
0.182500  2.49329e+14
0.185000  2.90654e+14
0.187500  3.2656e+14
0.190000  3.56983e+14
0.192500  3.81402e+14
0.195000  3.95892e+14
0.197500  3.99544e+14
0.200000  3.90912e+14
0.202500  3.74073e+14
0.205000  3.50773e+14
0.207500  3.16182e+14
0.210000  2.76459e+14
0.212500  2.29154e+14
0.215000  1.79911e+14
0.217500  1.34325e+14
0.220000  9.46253e+13
0.222500  6.67104e+13
0.225000  5.46547e+13
0.227500  5.99313e+13
0.230000  8.43873e+13
0.232500  1.24515e+14
0.235000  1.75521e+14
0.237500  2.30198e+14
0.240000  2.77182e+14
0.242500  2.9739e+14
0.245000  2.7302e+14
0.247500  1.87548e+14
0.250000  2.81618e+13
0.252500        0
0.255000        0
0.257500        0
0.260000        0
0.262500        0
0.265000        0
0.267500        0
0.270000        0
0.272500        0
0.275000        0
0.277500        0
0.280000        0
0.282500        0
0.285000        0
0.287500        0
0.290000        0
0.292500        0
0.295000        0
0.297500        0
0.300000        0
0.302500        0
0.305000        0
0.307500        0
0.310000        0
0.312500  1.81415e+14
0.315000  3.31049e+14
0.317500  3.11182e+14
0.320000  1.36844e+14
0.322500        0
0.325000        0
0.327500        0
0.330000        0
0.332500        0
0.335000        0
0.337500        0
0.340000        0
0.342500        0
0.345000  2.82967e+12
0.347500        0
0.350000        0
0.352500        0
0.355000        0
0.357500        0
0.360000        0
