# Relative Source Time Function
# for the 2013 Mw 3.3 St. Gallen earthquake
# Király-Proag et al., GRL, 2019
# https://doi.org/10.1029/2019GL082911
#
# Station: SGT06
# Wave type: SN
# EGF: EGF1
#
# time(s) amp(N.m/s)
0.000000        0
0.002500        0
0.005000        0
0.007500        0
0.010000        0
0.012500        0
0.015000        0
0.017500        0
0.020000        0
0.022500        0
0.025000        0
0.027500        0
0.030000        0
0.032500        0
0.035000  2.01284e+14
0.037500  4.21067e+14
0.040000  6.26202e+14
0.042500  8.19005e+14
0.045000  9.99579e+14
0.047500  1.16584e+15
0.050000  1.31289e+15
0.052500  1.43388e+15
0.055000  1.52528e+15
0.057500  1.5864e+15
0.060000  1.6167e+15
0.062500  1.61534e+15
0.065000  1.58745e+15
0.067500  1.53012e+15
0.070000  1.44601e+15
0.072500  1.34503e+15
0.075000  1.22357e+15
0.077500  1.08956e+15
0.080000  9.4472e+14
0.082500  7.8989e+14
0.085000  6.30333e+14
0.087500  4.68908e+14
0.090000  3.10273e+14
0.092500  1.58338e+14
0.095000  1.74338e+13
0.097500        0
0.100000        0
0.102500        0
0.105000        0
0.107500  9.8624e+12
0.110000  5.17574e+13
0.112500  9.69277e+13
0.115000  1.41126e+14
0.117500  1.81826e+14
0.120000  2.14991e+14
0.122500  2.36304e+14
0.125000  2.44142e+14
0.127500  2.35725e+14
0.130000  2.11614e+14
0.132500  1.71636e+14
0.135000  1.17911e+14
0.137500  5.50749e+13
0.140000        0
0.142500        0
0.145000        0
0.147500        0
0.150000        0
0.152500        0
0.155000        0
0.157500        0
0.160000        0
0.162500        0
0.165000        0
0.167500        0
0.170000  5.4658e+13
0.172500  1.34028e+14
0.175000  2.0316e+14
0.177500  2.5516e+14
0.180000  2.94438e+14
0.182500  3.22514e+14
0.185000  3.26081e+14
0.187500  3.06823e+14
0.190000  2.69244e+14
0.192500  2.17168e+14
0.195000  1.57407e+14
0.197500  9.56762e+13
0.200000  3.4225e+13
0.202500        0
0.205000        0
0.207500        0
0.210000        0
0.212500        0
0.215000        0
0.217500        0
0.220000        0
0.222500  2.42351e+13
0.225000  6.34478e+13
0.227500  1.01145e+14
0.230000  1.34811e+14
0.232500  1.64617e+14
0.235000  1.86854e+14
0.237500  2.00498e+14
0.240000  2.02745e+14
0.242500  1.91884e+14
0.245000  1.65767e+14
0.247500  1.25433e+14
0.250000  7.73596e+13
0.252500  1.1823e+13
0.255000        0
0.257500        0
0.260000        0
0.262500        0
0.265000        0
0.267500        0
0.270000        0
0.272500        0
0.275000        0
0.277500        0
0.280000        0
0.282500        0
0.285000        0
0.287500        0
0.290000        0
0.292500        0
0.295000  4.18978e+13
0.297500  1.90797e+14
0.300000  3.21996e+14
0.302500  4.23003e+14
0.305000  4.78828e+14
0.307500  4.76163e+14
0.310000  3.98381e+14
0.312500  2.33746e+14
0.315000        0
0.317500        0
0.320000        0
0.322500        0
0.325000        0
0.327500        0
0.330000        0
0.332500        0
0.335000        0
0.337500        0
0.340000        0
0.342500        0
0.345000        0
0.347500        0
0.350000        0
0.352500        0
0.355000        0
0.357500        0
0.360000        0
0.362500        0
0.365000        0
0.367500        0
0.370000        0
0.372500        0
0.375000        0
0.377500        0
0.380000        0
0.382500        0
0.385000        0
0.387500        0
0.390000        0
0.392500        0
0.395000        0
0.397500        0
0.400000        0
0.402500        0
0.405000        0
0.407500        0
0.410000        0
0.412500        0
0.415000        0
0.417500        0
0.420000        0
0.422500        0
0.425000        0
0.427500        0
0.430000        0
0.432500        0
0.435000        0
0.437500        0
0.440000        0
0.442500        0
0.445000        0
0.447500        0
0.450000        0
0.452500        0
0.455000        0
0.457500        0
0.460000        0
0.462500        0
0.465000        0
0.467500        0
0.470000        0
0.472500        0
0.475000        0
0.477500        0
0.480000        0
0.482500        0
0.485000        0
0.487500        0
0.490000        0
0.492500        0
0.495000        0
0.497500        0
0.500000        0
