# Relative Source Time Function
# for the 2013 Mw 3.3 St. Gallen earthquake
# Király-Proag et al., GRL, 2019
# 
# Station: SGT00
# Wave type: SN
# EGF: EGF1
# 
# time(s) amp(N.m/s)
0.000000        0
0.002500  9.16722e+12
0.005000  2.8179e+13
0.007500  4.27425e+13
0.010000  4.96939e+13
0.012500  5.2779e+13
0.015000  5.64724e+13
0.017500  6.33820e+13
0.020000  8.37448e+13
0.022500  1.1461e+14
0.025000  1.56791e+14
0.027500  1.96249e+14
0.030000  2.28519e+14
0.032500  2.48918e+14
0.035000  2.5384e+14
0.037500  2.42885e+14
0.040000  2.14838e+14
0.042500  1.93332e+14
0.045000  1.92874e+14
0.047500  1.88435e+14
0.050000  1.81436e+14
0.052500  1.72579e+14
0.055000  1.65238e+14
0.057500  1.60476e+14
0.060000  1.58567e+14
0.062500  1.61527e+14
0.065000  1.68285e+14
0.067500  1.77531e+14
0.070000  1.95297e+14
0.072500  2.26555e+14
0.075000  2.66314e+14
0.077500  3.10926e+14
0.080000  3.58348e+14
0.082500  4.09414e+14
0.085000  4.6367e+14
0.087500  5.27927e+14
0.090000  6.18204e+14
0.092500  7.13918e+14
0.095000  7.98431e+14
0.097500  8.69469e+14
0.100000  9.24373e+14
0.102500  9.63772e+14
0.105000  9.86346e+14
0.107500  9.90469e+14
0.110000  9.79964e+14
0.112500  9.5413e+14
0.115000  9.15732e+14
0.117500  8.66806e+14
0.120000  8.08625e+14
0.122500  7.43487e+14
0.125000  6.72118e+14
0.127500  5.96018e+14
0.130000  5.31056e+14
0.132500  4.86503e+14
0.135000  4.50743e+14
0.137500  4.17646e+14
0.140000  3.84341e+14
0.142500  3.53747e+14
0.145000  3.25708e+14
0.147500  3.04413e+14
0.150000  2.84678e+14
0.152500  2.64439e+14
0.155000  2.45111e+14
0.157500  2.26668e+14
0.160000  2.11138e+14
0.162500  1.99520e+14
0.165000  1.92395e+14
0.167500  1.90569e+14
0.170000  1.93482e+14
0.172500  2.00823e+14
0.175000  2.11583e+14
0.177500  2.23861e+14
0.180000  2.37197e+14
0.182500  2.99945e+14
0.185000  3.67527e+14
0.187500  4.18609e+14
0.190000  4.50795e+14
0.192500  4.63857e+14
0.195000  4.58138e+14
0.197500  4.35767e+14
0.200000  3.99543e+14
0.202500  3.59666e+14
0.205000  3.14798e+14
0.207500  2.6738e+14
0.210000  2.24746e+14
0.212500  1.89903e+14
0.215000  1.66124e+14
0.217500  1.54243e+14
0.220000  1.54166e+14
0.222500  1.63868e+14
0.225000  1.80660e+14
0.227500  2.00566e+14
0.230000  2.19394e+14
0.232500  2.32211e+14
0.235000  2.34497e+14
0.237500  2.20808e+14
0.240000  1.86471e+14
0.242500  1.27471e+14
0.245000  4.0194e+13
0.247500        0
0.250000        0
0.252500        0
0.255000        0
0.257500        0
0.260000        0
0.262500        0
0.265000        0
0.267500        0
0.270000        0
0.272500        0
0.275000        0
0.277500        0
0.280000        0
0.282500        0
0.285000        0
0.287500        0
0.290000        0
0.292500        0
0.295000        0
0.297500        0
0.300000        0
0.302500        0
0.305000        0
0.307500        0
0.310000        0
0.312500        0
0.315000        0
0.317500  8.77273e+13
0.320000  1.40082e+14
0.322500  1.4442e+14
0.325000  1.09246e+14
0.327500  4.57382e+13
0.330000        0
0.332500        0
0.335000        0
0.337500        0
0.340000        0
0.342500        0
0.345000  2.41134e+12
0.347500        0
0.350000        0
0.352500        0
0.355000        0
0.357500        0
0.360000        0
