# Relative Source Time Function
# for the 2013 Mw 3.3 St. Gallen earthquake
# Király-Proag et al., GRL, 2019
# 
# Station: SGT04
# Wave type: P
# EGF: EGF1
# 
# time(s) amp(N.m/s)
0.000000        0
0.002500        0
0.005000        0
0.007500        0
0.010000        0
0.012500        0
0.015000        0
0.017500  2.22337e+12
0.020000  8.60458e+13
0.022500  1.35109e+14
0.025000  1.77568e+14
0.027500  2.00658e+14
0.030000  2.02482e+14
0.032500  1.88521e+14
0.035000  1.63514e+14
0.037500  1.33244e+14
0.040000  1.02796e+14
0.042500  7.65841e+13
0.045000  5.65062e+13
0.047500  4.40319e+13
0.050000  3.89915e+13
0.052500  4.0064e+13
0.055000  4.53466e+13
0.057500  5.23163e+13
0.060000  6.0188e+13
0.062500  6.47872e+13
0.065000  6.62041e+13
0.067500  6.92443e+13
0.070000  7.04616e+13
0.072500  7.18833e+13
0.075000  7.68793e+13
0.077500  8.59834e+13
0.080000  1.02138e+14
0.082500  1.54006e+14
0.085000  2.63181e+14
0.087500  4.18718e+14
0.090000  6.08143e+14
0.092500  7.88848e+14
0.095000  9.54856e+14
0.097500  1.1006e+15
0.100000  1.22194e+15
0.102500  1.31587e+15
0.105000  1.37944e+15
0.107500  1.41177e+15
0.110000  1.41286e+15
0.112500  1.38614e+15
0.115000  1.33434e+15
0.117500  1.25774e+15
0.120000  1.16537e+15
0.122500  1.0629e+15
0.125000  9.54767e+14
0.127500  8.48326e+14
0.130000  7.47788e+14
0.132500  6.58157e+14
0.135000  5.82587e+14
0.137500  5.22473e+14
0.140000  4.77917e+14
0.142500  4.47285e+14
0.145000  4.2729e+14
0.147500  4.13874e+14
0.150000  4.42457e+14
0.152500  4.82696e+14
0.155000  5.09882e+14
0.157500  5.21748e+14
0.160000  5.16757e+14
0.162500  4.96072e+14
0.165000  4.62407e+14
0.167500  4.20581e+14
0.170000  3.74996e+14
0.172500  3.30321e+14
0.175000  2.9156e+14
0.177500  2.61424e+14
0.180000  2.40904e+14
0.182500  2.2933e+14
0.185000  2.23893e+14
0.187500  2.21069e+14
0.190000  2.15634e+14
0.192500  2.02572e+14
0.195000  1.79477e+14
0.197500  1.77145e+14
0.200000  1.64234e+14
0.202500  1.38272e+14
0.205000  1.02789e+14
0.207500  6.35238e+13
0.210000  2.74787e+13
0.212500  1.08914e+12
0.215000        0
0.217500        0
0.220000  1.88955e+13
0.222500  5.51976e+13
0.225000  9.73129e+13
0.227500  1.34496e+14
0.230000  1.54003e+14
0.232500  1.42674e+14
0.235000  8.81631e+13
0.237500        0
0.240000        0
0.242500        0
0.245000        0
0.247500        0
0.250000        0
0.252500        0
0.255000        0
0.257500        0
0.260000        0
0.262500        0
0.265000        0
0.267500        0
0.270000        0
0.272500        0
0.275000        0
0.277500        0
0.280000        0
0.282500        0
0.285000        0
0.287500        0
0.290000        0
0.292500        0
0.295000        0
0.297500        0
0.300000        0
0.302500        0
0.305000        0
0.307500        0
0.310000        0
0.312500        0
0.315000        0
0.317500        0
0.320000        0
0.322500        0
0.325000        0
0.327500        0
0.330000        0
0.332500        0
0.335000        0
0.337500        0
0.340000        0
0.342500        0
0.345000        0
0.347500        0
0.350000        0
0.352500        0
0.355000        0
0.357500        0
0.360000        0
0.362500        0
0.365000        0
0.367500        0
0.370000        0
0.372500        0
0.375000        0
0.377500        0
0.380000        0
0.382500        0
0.385000        0
0.387500        0
0.390000        0
0.392500        0
0.395000        0
0.397500        0
0.400000        0
0.402500        0
0.405000        0
0.407500        0
0.410000        0
0.412500        0
0.415000        0
0.417500        0
0.420000        0
0.422500        0
0.425000        0
0.427500        0
0.430000        0
0.432500        0
0.435000        0
0.437500        0
0.440000        0
0.442500        0
0.445000        0
0.447500        0
0.450000        0
0.452500        0
0.455000        0
0.457500        0
0.460000        0
0.462500        0
0.465000        0
0.467500        0
0.470000        0
0.472500        0
0.475000        0
0.477500        0
0.480000        0
0.482500        0
0.485000        0
0.487500        0
0.490000        0
0.492500        0
0.495000        0
0.497500        0
0.500000        0
0.502500        0
0.505000        0
0.507500        0
0.510000        0
0.512500        0
0.515000        0
0.517500        0
0.520000        0
0.522500        0
0.525000        0
0.527500        0
0.530000        0
0.532500        0
0.535000        0
0.537500        0
0.540000        0
0.542500        0
0.545000        0
0.547500        0
0.550000        0
0.552500        0
0.555000        0
0.557500        0
0.560000        0
0.562500        0
0.565000        0
0.567500        0
0.570000        0
0.572500        0
0.575000        0
0.577500        0
0.580000        0
0.582500        0
0.585000        0
0.587500        0
0.590000        0
0.592500        0
0.595000        0
0.597500        0
0.600000        0
0.602500        0
0.605000        0
0.607500        0
0.610000        0
0.612500        0
0.615000        0
0.617500        0
0.620000        0
0.622500        0
0.625000        0
0.627500        0
0.630000        0
0.632500        0
0.635000        0
0.637500        0
0.640000        0
0.642500        0
0.645000        0
0.647500        0
0.650000        0
0.652500        0
0.655000        0
0.657500        0
0.660000        0
0.662500        0
0.665000        0
0.667500        0
0.670000        0
0.672500        0
0.675000        0
0.677500        0
0.680000        0
0.682500        0
0.685000        0
0.687500        0
0.690000        0
0.692500        0
0.695000        0
0.697500        0
0.700000        0
0.702500        0
0.705000        0
