# Relative Source Time Function
# for the 2013 Mw 3.3 St. Gallen earthquake
# Király-Proag et al., GRL, 2019
# 
# Station: SGT04
# Wave type: SN
# EGF: EGF1
# 
# time(s) amp(N.m/s)
0.000000        0
0.002500        0
0.005000        0
0.007500        0
0.010000        0
0.012500        0
0.015000        0
0.017500        0
0.020000        0
0.022500        0
0.025000        0
0.027500        0
0.030000        0
0.032500        0
0.035000        0
0.037500        0
0.040000        0
0.042500        0
0.045000        0
0.047500        0
0.050000        0
0.052500        0
0.055000  1.49938e+14
0.057500  3.23785e+14
0.060000  4.12007e+14
0.062500  4.30261e+14
0.065000  3.95625e+14
0.067500  3.26182e+14
0.070000  2.54887e+14
0.072500  1.79882e+14
0.075000  1.1396e+14
0.077500  6.69624e+13
0.080000  3.96315e+13
0.082500  3.58942e+13
0.085000  5.67411e+13
0.087500  9.8827e+13
0.090000  1.58395e+14
0.092500  2.29871e+14
0.095000  3.07654e+14
0.097500  3.86113e+14
0.100000  4.6048e+14
0.102500  5.26929e+14
0.105000  5.83086e+14
0.107500  6.27812e+14
0.110000  6.61239e+14
0.112500  6.84694e+14
0.115000  6.9992e+14
0.117500  7.09248e+14
0.120000  7.14937e+14
0.122500  7.19118e+14
0.125000  7.2316e+14
0.127500  7.28162e+14
0.130000  7.33954e+14
0.132500  7.40641e+14
0.135000  7.45886e+14
0.137500  7.46606e+14
0.140000  7.4462e+14
0.142500  7.36484e+14
0.145000  7.19639e+14
0.147500  6.93231e+14
0.150000  6.56204e+14
0.152500  6.09203e+14
0.155000  5.53513e+14
0.157500  4.92049e+14
0.160000  4.28773e+14
0.162500  3.68925e+14
0.165000  3.18535e+14
0.167500  2.84121e+14
0.170000  2.71786e+14
0.172500  2.86827e+14
0.175000  3.32303e+14
0.177500  4.08634e+14
0.180000  5.12217e+14
0.182500  6.35066e+14
0.185000  7.64014e+14
0.187500  8.80716e+14
0.190000  9.62022e+14
0.192500  9.80450e+14
0.195000  9.05825e+14
0.197500  7.0622e+14
0.200000  3.50746e+14
0.202500        0
0.205000        0
0.207500        0
0.210000        0
0.212500        0
0.215000        0
0.217500        0
0.220000        0
0.222500        0
0.225000        0
0.227500        0
0.230000        0
0.232500        0
0.235000        0
0.237500        0
0.240000        0
0.242500        0
0.245000        0
0.247500        0
0.250000        0
0.252500        0
0.255000        0
0.257500        0
0.260000        0
0.262500        0
0.265000        0
0.267500        0
0.270000        0
0.272500        0
0.275000        0
0.277500        0
0.280000        0
0.282500        0
0.285000        0
0.287500        0
0.290000        0
0.292500        0
0.295000        0
0.297500        0
0.300000        0
0.302500        0
0.305000        0
0.307500        0
0.310000        0
0.312500        0
0.315000        0
0.317500        0
0.320000  2.13796e+14
0.322500  3.95642e+14
0.325000  5.11576e+14
0.327500  5.85058e+14
0.330000  6.26279e+14
0.332500  6.32838e+14
0.335000  5.59558e+14
0.337500  4.21863e+14
0.340000  2.58894e+14
0.342500  1.14738e+14
0.345000  2.5146e+13
0.347500        0
0.350000        0
0.352500        0
0.355000        0
0.357500        0
0.360000        0
0.362500        0
0.365000        0
0.367500        0
0.370000        0
0.372500        0
0.375000        0
0.377500        0
0.380000        0
0.382500        0
0.385000        0
0.387500        0
0.390000        0
0.392500        0
0.395000        0
0.397500        0
0.400000        0
0.402500        0
0.405000        0
0.407500        0
0.410000        0
0.412500        0
0.415000        0
0.417500        0
0.420000        0
0.422500        0
0.425000        0
0.427500        0
0.430000        0
0.432500        0
0.435000        0
0.437500        0
0.440000        0
0.442500        0
0.445000        0
0.447500        0
0.450000        0
0.452500        0
0.455000        0
0.457500        0
0.460000        0
0.462500        0
0.465000        0
0.467500        0
0.470000        0
0.472500        0
0.475000        0
0.477500        0
0.480000        0
0.482500        0
0.485000        0
0.487500        0
0.490000        0
0.492500        0
0.495000        0
0.497500        0
0.500000        0
0.502500        0
0.505000        0
0.507500        0
0.510000        0
0.512500        0
0.515000        0
0.517500        0
0.520000        0
0.522500        0
0.525000        0
0.527500        0
0.530000        0
0.532500        0
0.535000        0
0.537500        0
0.540000        0
0.542500        0
0.545000        0
0.547500        0
0.550000        0
0.552500        0
0.555000        0
0.557500        0
0.560000        0
0.562500        0
0.565000        0
0.567500        0
0.570000        0
0.572500        0
0.575000        0
0.577500        0
0.580000        0
0.582500        0
0.585000        0
0.587500        0
0.590000        0
0.592500        0
0.595000        0
0.597500        0
0.600000        0
0.602500        0
0.605000        0
0.607500        0
0.610000        0
0.612500        0
0.615000        0
0.617500        0
0.620000        0
0.622500        0
0.625000        0
0.627500        0
0.630000        0
0.632500        0
0.635000        0
0.637500        0
0.640000        0
0.642500        0
0.645000        0
0.647500        0
0.650000        0
0.652500        0
0.655000        0
0.657500        0
0.660000        0
0.662500        0
0.665000        0
0.667500        0
0.670000        0
0.672500        0
0.675000        0
0.677500        0
0.680000        0
0.682500        0
0.685000        0
0.687500        0
0.690000        0
0.692500        0
0.695000        0
0.697500        0
0.700000        0
0.702500        0
0.705000        0
