# Relative Source Time Function
# for the 2013 Mw 3.3 St. Gallen earthquake
# Király-Proag et al., GRL, 2019
# 
# Station: SGT04
# Wave type: SN
# EGF: EGF2
# 
# time(s) amp(N.m/s)
0.000000        0
0.002500  5.27235e+12
0.005000        0
0.007500        0
0.010000        0
0.012500        0
0.015000        0
0.017500        0
0.020000        0
0.022500        0
0.025000        0
0.027500        0
0.030000        0
0.032500        0
0.035000        0
0.037500        0
0.040000        0
0.042500        0
0.045000  7.70333e+13
0.047500  1.71925e+14
0.050000  2.51195e+14
0.052500  3.13556e+14
0.055000  3.58536e+14
0.057500  3.86569e+14
0.060000  3.98723e+14
0.062500  3.96619e+14
0.065000  3.82339e+14
0.067500  3.5817e+14
0.070000  3.27209e+14
0.072500  2.95936e+14
0.075000  2.61832e+14
0.077500  2.2658e+14
0.080000  1.91982e+14
0.082500  1.59523e+14
0.085000  1.38178e+14
0.087500  1.3116e+14
0.090000  1.30839e+14
0.092500  1.38704e+14
0.095000  1.54432e+14
0.097500  1.78696e+14
0.100000  2.11812e+14
0.102500  2.5305e+14
0.105000  3.01633e+14
0.107500  3.56145e+14
0.110000  4.14981e+14
0.112500  4.76187e+14
0.115000  5.37676e+14
0.117500  5.97264e+14
0.120000  6.52843e+14
0.122500  7.02429e+14
0.125000  7.44285e+14
0.127500  7.77009e+14
0.130000  7.99605e+14
0.132500  8.1157e+14
0.135000  8.1289e+14
0.137500  8.04113e+14
0.140000  7.86263e+14
0.142500  7.60903e+14
0.145000  7.2982e+14
0.147500  6.95378e+14
0.150000  6.59417e+14
0.152500  6.2369e+14
0.155000  5.91374e+14
0.157500  5.63653e+14
0.160000  5.41306e+14
0.162500  5.25163e+14
0.165000  5.1514e+14
0.167500  5.10738e+14
0.170000  5.10938e+14
0.172500  5.14358e+14
0.175000  5.19314e+14
0.177500  5.24047e+14
0.180000  5.26858e+14
0.182500  5.26252e+14
0.185000  5.21004e+14
0.187500  5.1035e+14
0.190000  4.93829e+14
0.192500  4.71487e+14
0.195000  4.43564e+14
0.197500  4.10648e+14
0.200000  3.73361e+14
0.202500  3.32393e+14
0.205000  2.88429e+14
0.207500  2.56906e+14
0.210000  2.29674e+14
0.212500  2.05562e+14
0.215000  1.79909e+14
0.217500  1.5305e+14
0.220000  1.25612e+14
0.222500  1.01574e+14
0.225000  7.81996e+13
0.227500  5.61161e+13
0.230000  3.62698e+13
0.232500  1.93779e+13
0.235000  8.14816e+12
0.237500  1.35740e+12
0.240000  5.65017e+11
0.242500  5.11507e+12
0.245000  1.43577e+13
0.247500  2.53624e+13
0.250000  3.75753e+13
0.252500  5.03412e+13
0.255000  6.24382e+13
0.257500  7.30025e+13
0.260000  8.14373e+13
0.262500  8.70422e+13
0.265000  8.9273e+13
0.267500  8.79246e+13
0.270000  8.29229e+13
0.272500  7.42064e+13
0.275000  6.31118e+13
0.277500  4.98969e+13
0.280000  3.55413e+13
0.282500  2.15088e+13
0.285000  9.83874e+12
0.287500  9.99236e+11
0.290000        0
0.292500        0
0.295000  6.7604e+12
0.297500  2.15373e+13
0.300000  4.29719e+13
0.302500  7.04949e+13
0.305000  1.02878e+14
0.307500  1.3829e+14
0.310000  1.74199e+14
0.312500  2.07424e+14
0.315000  2.34119e+14
0.317500  2.49851e+14
0.320000  2.62138e+14
0.322500  2.52601e+14
0.325000  2.15217e+14
0.327500  1.44383e+14
0.330000  3.47406e+13
0.332500        0
0.335000        0
0.337500        0
0.340000        0
0.342500        0
0.345000        0
0.347500        0
0.350000        0
0.352500        0
0.355000        0
0.357500        0
0.360000        0
0.362500        0
0.365000        0
0.367500        0
0.370000        0
0.372500        0
0.375000        0
0.377500        0
0.380000        0
0.382500        0
0.385000        0
0.387500        0
0.390000        0
0.392500        0
0.395000        0
0.397500        0
0.400000        0
0.402500        0
0.405000        0
0.407500        0
0.410000        0
0.412500        0
0.415000        0
0.417500        0
0.420000        0
0.422500        0
0.425000        0
0.427500        0
0.430000        0
0.432500        0
0.435000        0
0.437500        0
0.440000        0
0.442500        0
0.445000        0
0.447500        0
0.450000        0
0.452500        0
0.455000        0
0.457500        0
0.460000        0
0.462500        0
0.465000        0
0.467500        0
0.470000        0
0.472500        0
0.475000        0
0.477500        0
0.480000        0
0.482500        0
0.485000        0
0.487500        0
0.490000        0
0.492500        0
0.495000        0
0.497500        0
0.500000        0
0.502500        0
0.505000        0
0.507500        0
0.510000        0
0.512500        0
0.515000        0
0.517500        0
0.520000        0
0.522500        0
0.525000        0
0.527500        0
0.530000        0
0.532500        0
0.535000        0
0.537500        0
0.540000        0
0.542500        0
0.545000        0
0.547500        0
0.550000        0
0.552500        0
0.555000        0
0.557500        0
0.560000        0
0.562500        0
0.565000        0
0.567500        0
0.570000        0
0.572500        0
0.575000        0
0.577500        0
0.580000        0
0.582500        0
0.585000        0
0.587500        0
0.590000        0
0.592500        0
0.595000        0
0.597500        0
0.600000        0
0.602500        0
0.605000        0
0.607500        0
0.610000        0
0.612500        0
0.615000        0
0.617500        0
0.620000        0
0.622500        0
0.625000        0
0.627500        0
0.630000        0
0.632500        0
0.635000        0
0.637500        0
0.640000        0
0.642500        0
0.645000        0
0.647500        0
0.650000        0
0.652500        0
0.655000        0
0.657500        0
0.660000        0
0.662500        0
0.665000        0
0.667500        0
0.670000        0
0.672500        0
0.675000        0
0.677500        0
0.680000        0
0.682500        0
0.685000        0
0.687500        0
0.690000        0
0.692500        0
0.695000        0
0.697500        0
0.700000        0
0.702500        0
0.705000        0
