# Relative Source Time Function
# for the 2013 Mw 3.3 St. Gallen earthquake
# Király-Proag et al., GRL, 2019
# 
# Station: SGT04
# Wave type: P
# EGF: EGF2
# 
# time(s) amp(N.m/s)
0.000000        0
0.002500        0
0.005000        0
0.007500        0
0.010000  2.51008e+13
0.012500  3.99211e+13
0.015000  6.44164e+13
0.017500  1.01516e+14
0.020000  1.20004e+14
0.022500  1.20456e+14
0.025000  1.04672e+14
0.027500  9.59741e+13
0.030000  1.03304e+14
0.032500  1.07173e+14
0.035000  1.07406e+14
0.037500  1.03408e+14
0.040000  9.57397e+13
0.042500  8.58242e+13
0.045000  7.44941e+13
0.047500  6.37214e+13
0.050000  5.54928e+13
0.052500  5.16145e+13
0.055000  5.30793e+13
0.057500  6.02947e+13
0.060000  7.33257e+13
0.062500  9.03458e+13
0.065000  1.10446e+14
0.067500  1.32077e+14
0.070000  1.52709e+14
0.072500  1.74885e+14
0.075000  2.0025e+14
0.077500  2.39332e+14
0.080000  3.0483e+14
0.082500  3.8205e+14
0.085000  4.6935e+14
0.087500  5.71835e+14
0.090000  6.99695e+14
0.092500  8.25585e+14
0.095000  9.37747e+14
0.097500  1.0338e+15
0.100000  1.11186e+15
0.102500  1.17042e+15
0.105000  1.20784e+15
0.107500  1.22335e+15
0.110000  1.218e+15
0.112500  1.19422e+15
0.115000  1.15466e+15
0.117500  1.10214e+15
0.120000  1.04249e+15
0.122500  9.79798e+14
0.125000  9.18185e+14
0.127500  8.61757e+14
0.130000  8.12316e+14
0.132500  7.71329e+14
0.135000  7.38465e+14
0.137500  7.12418e+14
0.140000  6.90895e+14
0.142500  6.70946e+14
0.145000  6.49675e+14
0.147500  6.40812e+14
0.150000  6.36334e+14
0.152500  6.2613e+14
0.155000  6.02602e+14
0.157500  5.67179e+14
0.160000  5.20454e+14
0.162500  4.63593e+14
0.165000  4.00187e+14
0.167500  3.37525e+14
0.170000  2.73678e+14
0.172500  2.1019e+14
0.175000  1.49969e+14
0.177500  1.03555e+14
0.180000  1.14098e+14
0.182500  1.28535e+14
0.185000  1.42486e+14
0.187500  1.53468e+14
0.190000  1.59704e+14
0.192500  1.59909e+14
0.195000  1.53539e+14
0.197500  1.4072e+14
0.200000  1.22218e+14
0.202500  9.99619e+13
0.205000  7.54814e+13
0.207500  5.04684e+13
0.210000  2.7674e+13
0.212500  9.34386e+12
0.215000        0
0.217500        0
0.220000  1.94584e+12
0.222500  1.16955e+13
0.225000  2.46543e+13
0.227500  3.84718e+13
0.230000  5.1586e+13
0.232500  6.20072e+13
0.235000  6.74851e+13
0.237500  6.48443e+13
0.240000  4.42048e+13
0.242500  1.80508e+13
0.245000  2.62039e+12
0.247500        0
0.250000        0
0.252500        0
0.255000        0
0.257500        0
0.260000        0
0.262500        0
0.265000        0
0.267500        0
0.270000        0
0.272500        0
0.275000        0
0.277500        0
0.280000        0
0.282500        0
0.285000        0
0.287500        0
0.290000        0
0.292500        0
0.295000        0
0.297500        0
0.300000        0
0.302500        0
0.305000        0
0.307500        0
0.310000        0
0.312500        0
0.315000        0
0.317500        0
0.320000        0
0.322500        0
0.325000        0
0.327500        0
0.330000        0
0.332500        0
0.335000        0
0.337500        0
0.340000        0
0.342500        0
0.345000        0
0.347500        0
0.350000        0
0.352500        0
0.355000        0
0.357500        0
0.360000        0
0.362500        0
0.365000        0
0.367500        0
0.370000        0
0.372500        0
0.375000        0
0.377500        0
0.380000        0
0.382500        0
0.385000        0
0.387500        0
0.390000        0
0.392500        0
0.395000        0
0.397500        0
0.400000        0
0.402500        0
0.405000        0
0.407500        0
0.410000        0
0.412500        0
0.415000        0
0.417500        0
0.420000        0
0.422500        0
0.425000        0
0.427500        0
0.430000        0
0.432500        0
0.435000        0
0.437500        0
0.440000        0
0.442500        0
0.445000        0
0.447500        0
0.450000        0
0.452500        0
0.455000        0
0.457500        0
0.460000        0
0.462500        0
0.465000        0
0.467500        0
0.470000        0
0.472500        0
0.475000        0
0.477500        0
0.480000        0
0.482500        0
0.485000        0
0.487500        0
0.490000        0
0.492500        0
0.495000        0
0.497500        0
0.500000        0
0.502500        0
0.505000        0
0.507500        0
0.510000        0
0.512500        0
0.515000        0
0.517500        0
0.520000        0
0.522500        0
0.525000        0
0.527500        0
0.530000        0
0.532500        0
0.535000        0
0.537500        0
0.540000        0
0.542500        0
0.545000        0
0.547500        0
0.550000        0
0.552500        0
0.555000        0
0.557500        0
0.560000        0
0.562500        0
0.565000        0
0.567500        0
0.570000        0
0.572500        0
0.575000        0
0.577500        0
0.580000        0
0.582500        0
0.585000        0
0.587500        0
0.590000        0
0.592500        0
0.595000        0
0.597500        0
0.600000        0
0.602500        0
0.605000        0
0.607500        0
0.610000        0
0.612500        0
0.615000        0
0.617500        0
0.620000        0
0.622500        0
0.625000        0
0.627500        0
0.630000        0
0.632500        0
0.635000        0
0.637500        0
0.640000        0
0.642500        0
0.645000        0
0.647500        0
0.650000        0
0.652500        0
0.655000        0
0.657500        0
0.660000        0
0.662500        0
0.665000        0
0.667500        0
0.670000        0
0.672500        0
0.675000        0
0.677500        0
0.680000        0
0.682500        0
0.685000        0
0.687500        0
0.690000        0
0.692500        0
0.695000        0
0.697500        0
0.700000        0
0.702500        0
0.705000        0
